3213 1
1117 2
1170 3
1398 6
1239 7
1248 8
1268 9
1570 13
1200 14
3120 17
3135 19
3206 20
3103 21
3151 22
6106 31
6208 32
6267 34
6105 37
6111 38
6392 40
6277 41
6431 65
6483 66
6248 68
6160 69
6147 70
6143 71
6230 72
3345 73
3422 74
3180 75
3182 77
3296 78
6197 80
3246 84
3329 88
6282 90
6335 91
6207 92
6256 93
6128 94
3544 95
3265 96
6516 97
6462 98
6211 99
6290 100
6358 102
3458 103
3255 104
3196 105
3249 106
3560 107
3211 108
3505 109
3285 110
3442 111
3295 112
3550 113
3324 114
3419 115
4252 116
4312 117
4101 118
4567 119
4141 120
4227 121
4453 122
1364 123
4473 124
4323 125
4417 126
4306 127
4542 128
4367 129
4130 130
4328 131
1447 132
1220 133
1479 134
1313 135
1315 136
1282 137
1217 138
1505 139
1202 140
1337 141
1303 142
5406 143
5438 144
5467 145
5243 146
5557 147
5302 148
5178 149
5534 150
5211 151
5297 152
5380 153
5262 154
5227 155
5232 156
2221 157
5427 158
5521 159
5317 160
2217 161
2122 162
2128 163
2567 164
2356 165
2314 166
2218 167
2110 168
2507 169
2376 170
2273 171
2342 172
2549 173
2495 174
2450 175
2232 176
2456 177
2253 178
2557 179
6423 180
4374 181
5344 182
2252 183
1150 184
1346 185
1362 186
4282 187
6544 189
1253 190
1454 191
6599 192
1453 193
3364 194
4550 195
3382 196
2530 197
2462 198
5573 199
5310 200
3522 201
1552 202
1596 204
6480 205
2571 207
3593 208
1314 212
3390 213
